CI.BFS    34.23883 -117.65853 1312.00
CI.BRE    33.80776 -117.98116   24.00
CI.CHN    33.99879 -117.68044  208.00
CI.CLT    34.09284 -117.31687  325.00
CI.CRP    34.13624 -118.12705  233.00
CI.DLA    33.84822 -118.09624   14.00
CI.LLS    33.68447 -117.94304    8.00
CI.LTP    33.88110 -118.17568   20.00
CI.MLS    34.00460 -117.56162  230.00
CI.MWC    34.22362 -118.05832 1725.00
CI.OLI    33.94539 -117.92372  162.00
CI.PASC   34.17141 -118.18523  341.00
CI.PDU    34.12070 -117.63808  445.00
CI.PLS    33.79530 -117.60906 1199.00
CI.PSR    34.09181 -117.80709  305.00
CI.RIO    34.10473 -117.97956  118.00
CI.RUS    34.05073 -118.08085   70.00
CI.RVR    33.99351 -117.37545  266.00
CI.SDD    33.55259 -117.66171  120.00
CI.SRN    33.82854 -117.78938  208.00
CI.STG    33.66400 -117.76856   49.00
CI.STS    33.79033 -118.19878    4.00
CI.TA2    34.38203 -117.67822 2249.00
CI.USC    34.01919 -118.28631   58.00
CI.WLT    34.00948 -117.95077  107.00
CI.WTT    33.94869 -118.25547   39.00
